FailureMode
StandardScaler
Mean
1.4842818308792494	13.0721570083922	0.08072074485609633	0.07799571102302336	0.4571007773042288	0.1009110631055989	0.08605099618521746	0.09036630640038036	1.3868141882737035	0.19666666666666666	0.11	0.6933333333333334	
Variance
0.48063020844944826	46.690441086908244	0.004745381992254083	0.0028063301055391786	0.19705631921281686	0.02936826918545809	0.012421680702902579	0.02281312731018991	1.7715978973498534	0.1579888888888889	0.0979	0.21262222222222224	
MinMaxScaler
Minimum
-1.56399963975755	-1.2767860882849793	-1.1717894181584094	-1.4723170584033394	-1.0297143773608686	-0.5888431203653381	-0.7720860782071735	-0.5982932724297425	-0.8901393244494191	-0.4947860931840129	-0.3515615246553262	-1.5036188231122247	
Maximum
3.2681377658274346	4.672567573115809	3.936395252442336	4.281823653425619	5.502028525475021	6.787220932571195	3.3552292547943057	3.184995915523765	12.306674681222013	2.0210753975821545	2.844452335847639	0.6650621717611762	