Strength
StandardScaler
Xt
Mean
1.4603380727814317	12.762098073567218	0.08010473988155702	0.07522787450126553	0.4854678547281992	0.10100718602827295	0.08579788324312683	0.0907913647205307	0.17	0.14	0.69	
Variance
0.4828629281697083	40.788353038504056	0.0048603967948302705	0.00249123483143622	0.2216522407309199	0.033724699446656396	0.012173460656480391	0.022668301036825125	0.1411	0.12039999999999997	0.21389999999999995	
yt
Mean
0.08543658270393684	
Variance
0.0016253067905153658	
MinMaxScaler
Xt
Minimum
-1.5259223134797502	-1.3174934398382878	-1.1490061456887513	-1.5072019858990218	-1.0311561001957958	-0.5500196789590225	-0.777623801622395	-0.6030246405394548	-0.4525696378552518	-0.4034732923929646	-1.4919136877222166	
Maximum
3.2950304386439306	4.578024580618144	3.8983774916569964	4.600003347455645	4.678279798249279	7.855253894196296	3.1430993000565683	3.1923308972958204	2.2096047024697585	2.4784787961282104	0.6702800625998365	
Xt
Minimum
-1.7813124618621234	
Maximum
4.213275025517243	