Deformation
StandardScaler
Xq
Mean
1.4522849519833927	12.888024669031795	0.07830937851820127	0.07601978069250359	0.4647279576647956	0.10016315057420364	0.08361592797721167	0.09161218194375183	0.2	0.11333333333333333	0.6866666666666666	
Variance
0.4705360337592943	39.972831209566614	0.004561775992672097	0.0027413776777189054	0.19290394676750336	0.031304664476890356	0.011362899129290303	0.02373626481949599	0.16000000000000003	0.10048888888888888	0.21515555555555552	
yt
Mean
1.3598096906653139	
Variance
0.647776674792942	
MinMaxScaler
Xq
Minimum
-1.5340408202715137	-1.3507827765747817	-1.159436050078161	-1.4519182906146595	-1.0581037253112697	-0.566113419608813	-0.784412378138711	-0.5946303030854931	-0.5	-0.35751859933740576	-1.4803679818552304	
Maximum
3.3496522689656643	4.045712605687631	4.050533688064414	4.369990798444564	5.0619989427709	6.578180755117633	3.530910104943054	3.1143605473770113	2.0	2.797057277169116	0.6755077198756878	
Xt
Minimum
-1.512032030875396	
Maximum
2.5348836340017202	