Generated by GetData Graph Digitizer 2.25.0.32 on July 05 2021, 10:31
from file 'E:\Python\MachineLearning\Crack\DiagonalTensile.jpg'

Line #1
 2.41295055387371e-001    9.97352517659331e-001
 2.44554803451365e-001    9.88412304273388e-001
 2.52576618252322e-001    9.79455083506242e-001
 2.55853373697518e-001    9.68729095093937e-001
 2.63841173736068e-001    9.63343424379514e-001
 2.70326655101647e-001    9.49034547660351e-001
 2.76795129086023e-001    9.36511445967550e-001
 2.88008662426160e-001    9.25757111919907e-001
 2.97651847568511e-001    9.13222671972970e-001
 2.99324240053517e-001    9.04288127714095e-001
 3.02618002879917e-001    8.91776364275429e-001
 3.09035454720682e-001    8.84610587661712e-001
 3.13848543601256e-001    8.79236255201424e-001
 3.15520936086261e-001    8.70301710942549e-001
 3.21921380545824e-001    8.64921709355194e-001
 3.23610780412032e-001    8.54201390069957e-001
 3.29994217490391e-001    8.50607163508963e-001
 3.34807306370965e-001    8.45232831048675e-001
 3.38033039672551e-001    8.39864167715455e-001
 3.44450491513317e-001    8.32698391101738e-001
 3.46088869235915e-001    8.27335396895586e-001
 3.50901958116489e-001    8.21961064435298e-001
 3.54127691418075e-001    8.16592401102078e-001
 3.62132498837829e-001    8.09420955361293e-001
 3.65375239520619e-001    8.02266517001712e-001
 3.74933387756953e-001    7.98660952186582e-001
 3.81333832216515e-001    7.93280950599227e-001
 3.86146921097089e-001    7.87906618138939e-001
 3.90977017358867e-001    7.80746510652290e-001
 3.97394469199633e-001    7.73580734038573e-001
 4.03760898896788e-001    7.71772282503940e-001
 4.07020646960781e-001    7.62832069117997e-001
 4.11833735841355e-001    7.57457736657709e-001
 4.16595802578319e-001    7.57440729276506e-001
 4.18251187682121e-001    7.50291960043992e-001
 4.24617617379276e-001    7.48483508509360e-001
 4.29481728403460e-001    7.37751850969988e-001
 4.31171128269669e-001    7.27031531684751e-001
 4.37554565348028e-001    7.23437305123757e-001
 4.37605587491638e-001    7.18079980044673e-001
 4.40814313412021e-001    7.14497091737814e-001
 4.42469698515823e-001    7.07348322505301e-001
 4.45695431817409e-001    7.01979659172081e-001
 4.52095876276971e-001    6.96599657584725e-001
 4.55304602197354e-001    6.93016769277867e-001
 4.58530335498940e-001    6.87648105944647e-001
 4.64930779958502e-001    6.82268104357291e-001
 4.66552150299897e-001    6.78690885177500e-001
 4.69777883601483e-001    6.73322221844280e-001
 4.71433268705285e-001    6.66173452611767e-001
 4.76246357585859e-001    6.60799120151479e-001
 4.81059446466433e-001    6.55424787691191e-001
 4.89030239123780e-001    6.51824892003129e-001
 4.90702631608785e-001    6.42890347744254e-001
 4.97103076068347e-001    6.37510346156899e-001
 5.03520527909113e-001    6.30344569543182e-001
 5.08333616789687e-001    6.24970237082894e-001
 5.09971994512285e-001    6.19607242876742e-001
 5.16372438971847e-001    6.14227241289386e-001
 5.21236549996032e-001    6.03495583750014e-001
 5.27636994455594e-001    5.98115582162659e-001
 5.32484098098575e-001    5.89169699649648e-001
 5.34173497964783e-001    5.78449380364412e-001
 5.40624964567956e-001    5.67712053697972e-001
 5.37518282934794e-001    5.60580291846661e-001
 5.32858260485050e-001    5.49882649069696e-001
 5.29632527183464e-001    5.55251312402916e-001
 5.29547490277447e-001    5.64180187534723e-001
 5.32637164529406e-001    5.73097724412395e-001
 5.35845890449789e-001    5.69514836105536e-001
 5.35896912593399e-001    5.64157511026452e-001
 5.32756216197830e-001    5.60597299227865e-001
 5.32790230960237e-001    5.57025749175142e-001
 5.34292549633207e-001    5.65948955179881e-001
 5.37297186979149e-001    5.83795367189360e-001
 5.42127283240927e-001    5.76635259702711e-001
 5.48510720319285e-001    5.73041033141717e-001
 5.53272787056249e-001    5.73024025760513e-001
 5.54877150016440e-001    5.71232581607084e-001
 5.56498520357835e-001    5.67655362427293e-001
 5.54945179541254e-001    5.64089481501638e-001
 5.53391838724673e-001    5.60523600575983e-001
 5.58187920224044e-001    5.56935043142057e-001
 5.58136898080434e-001    5.62292368221141e-001
 5.58238942367654e-001    5.51577718062973e-001
 5.56651586788666e-001    5.51583387190041e-001
 5.50285157091511e-001    5.53391838724673e-001
 5.42348379196571e-001    5.53420184360012e-001
 5.42280349671758e-001    5.60563284465458e-001
 5.47008401646314e-001    5.64117827136977e-001
 5.46957379502704e-001    5.69475152216062e-001
 5.43782668344728e-001    5.69486490470197e-001
 5.51821490526889e-001    5.58743494676690e-001
 5.43884712631949e-001    5.58771840312029e-001
 5.48646779368913e-001    5.58754832930825e-001
 5.37586312459607e-001    5.53437191741216e-001
 5.37501275553590e-001    5.62366066873023e-001
 5.51753461002075e-001    5.65886594782135e-001
 5.53408846105877e-001    5.58737825549622e-001
 5.59826297946642e-001    5.51572048935905e-001
 5.63018016485822e-001    5.49774935655408e-001
 5.64639386827216e-001    5.46197716475617e-001
 5.71056838667982e-001    5.39031939861900e-001
 5.74282571969568e-001    5.33663276528680e-001
 5.79095660850142e-001    5.28288944068392e-001
 5.87066453507489e-001    5.24689048380330e-001
 5.90343208952685e-001    5.13963059968026e-001
 5.98314001610032e-001    5.10363164279964e-001
 6.03110083109403e-001    5.06774606846038e-001
 6.07940179371180e-001    4.99614499359389e-001
 6.11199927435173e-001    4.90674285973446e-001
 6.17600371894736e-001    4.85294284386090e-001
 6.24017823735501e-001    4.78128507772373e-001
 6.30401260813860e-001    4.74534281211379e-001
 6.33609986734243e-001    4.70951392904521e-001
 6.36852727417032e-001    4.63796954544939e-001
 6.40095468099822e-001    4.56642516185358e-001
 6.46495912559384e-001    4.51262514598002e-001
 6.46546934702994e-001    4.45905189518918e-001
 6.51360023583569e-001    4.40530857058630e-001
 6.59347823622119e-001    4.35145186344207e-001
 6.61020216107124e-001    4.26210642085332e-001
 6.67454675329093e-001    4.17259090445253e-001
 6.72284771590870e-001    4.10098982958604e-001
 6.72386815878091e-001    3.99384332800435e-001
 6.72454845402905e-001    3.92241232694990e-001
 6.78804267718857e-001    3.92218556186718e-001
 6.83617356599431e-001    3.86844223726431e-001
 6.82064015782850e-001    3.83278342800776e-001
 6.80459652822658e-001    3.85069786954205e-001
 6.86809075138610e-001    3.85047110445934e-001
 6.86877104663424e-001    3.77904010340488e-001
 6.85391793371657e-001    3.67195029309387e-001
 6.87081193237865e-001    3.56474710024150e-001
 6.93464630316224e-001    3.52880483463156e-001
 7.01503452498384e-001    3.42137487669649e-001
 7.01571482023198e-001    3.34994387564203e-001
 7.06401578284976e-001    3.27834280077554e-001
 7.09627311586562e-001    3.22465616744334e-001
 7.16095785570938e-001    3.09942515051532e-001
 7.19355533634931e-001    3.01002301665590e-001
 7.22615281698924e-001    2.92062088279647e-001
 7.30620089118677e-001    2.84890642538862e-001
 7.37054548340647e-001    2.75939090898783e-001
 7.40314296404640e-001    2.66998877512841e-001
 7.45144392666417e-001    2.59838770026191e-001
 7.53183214848578e-001    2.49095774232684e-001
 7.56459970293774e-001    2.38369785820379e-001
 7.61273059174348e-001    2.32995453360092e-001
 7.70848214791886e-001    2.27604113518600e-001
 7.74090955474676e-001    2.20449675159019e-001
 7.75746340578478e-001    2.13300905926505e-001
 7.79006088642471e-001    2.04360692540563e-001
 7.83836184904248e-001    1.97200585053913e-001
 7.88649273784823e-001    1.91826252593626e-001
 7.95066725625588e-001    1.84660475979909e-001
 7.99896821887366e-001    1.77500368493259e-001
 8.06280258965724e-001    1.73906141932265e-001
 8.11127362608706e-001    1.64960259419255e-001
 8.11195392133519e-001    1.57817159313809e-001
 8.16008481014093e-001    1.52442826853521e-001
 8.22408925473656e-001    1.47062825266166e-001
 8.32001088472397e-001    1.39885710398313e-001
 8.36916221640192e-001    1.23796727779856e-001
 8.41780332664376e-001    1.13065070240484e-001
 8.51440525187932e-001    9.87448552671860e-002
 8.59462339988889e-001    8.97876345000397e-002
 8.67535176933456e-001    7.54730886538091e-002
 8.80353073233783e-001    6.29273104527365e-002
 8.94758325113099e-001    5.03758631245961e-002
 9.02831162057666e-001    3.60613172783655e-002
 9.10869984239827e-001    2.53183214848578e-002
 9.15717087882808e-001    1.63724389718471e-002
 9.25275236119142e-001    1.27668741567173e-002

Line #2
 8.95302561311609e-001    9.93231062281030e-001
 8.90608524099459e-001    9.86104969556788e-001
 8.85914486887309e-001    9.78978876832545e-001
 8.81186434912752e-001    9.75424334161026e-001
 8.76492397700602e-001    9.68298241436784e-001
 8.68589634568069e-001    9.64755037019400e-001
 8.62291234395728e-001    9.59420388448587e-001
 8.56026848985793e-001    9.50514189825051e-001
 8.51332811773643e-001    9.43388097100808e-001
 8.49762463575859e-001    9.41607991201515e-001
 8.45051418982505e-001    9.36267673503634e-001
 8.38770026191367e-001    9.29147249906459e-001
 8.35629329795798e-001    9.25587038107872e-001
 8.30901277821241e-001    9.22032495436353e-001
 8.26190233227888e-001    9.16692177738472e-001
 8.19925847817953e-001    9.07785979114936e-001
 8.08882388289851e-001    9.00682562898965e-001
 8.00996632538522e-001    8.95353583455220e-001
 8.01081669444539e-001    8.86424708323412e-001
 7.96370624851185e-001    8.81084390625531e-001
 7.91710602401442e-001    8.70386747848566e-001
 7.85463224372711e-001    8.59694774198669e-001
 7.82322527977142e-001    8.56134562400082e-001
 7.74436772225813e-001    8.50805582956336e-001
 7.69776749776069e-001    8.40107940179371e-001
 7.65065705182716e-001    8.34767622481490e-001
 7.57196956812590e-001    8.27652868011384e-001
 7.47774867625883e-001    8.16972232615622e-001
 7.41544496978355e-001    8.04494483939363e-001
 7.24185629896709e-001    7.93842194178940e-001
 7.19542614828169e-001    7.81358776375614e-001
 7.14882592378426e-001    7.70661133598649e-001
 7.00664421692348e-001    7.63569055636813e-001
 6.89620962164246e-001    7.56465639420842e-001
 6.80164858215132e-001    7.49356554077803e-001
 6.72296109845006e-001    7.42241799607696e-001
 6.67602072632856e-001    7.35115706883454e-001
 6.62891028039503e-001    7.29775389185573e-001
 6.56575620485958e-001    7.26226515641122e-001
 6.47085501774437e-001    7.22688980350806e-001
 6.42408471943490e-001    7.13777112600202e-001
 6.34556730954568e-001    7.04876583103734e-001
 6.25117634386657e-001    6.95981722734333e-001
 6.20423597174507e-001    6.88855630010091e-001
 6.12537841423178e-001    6.83526650566346e-001
 6.07877818973435e-001    6.72829007789381e-001
 6.04754129959069e-001    6.67483020964432e-001
 6.03268818667302e-001    6.56774039933331e-001
 5.98591788836355e-001    6.47862172182727e-001
 5.97106477544588e-001    6.37153191151627e-001
 5.92412440332438e-001    6.30027098427384e-001
 5.87701395739084e-001    6.24686780729503e-001
 5.81402995566743e-001    6.19352132158690e-001
 5.72014921142442e-001    6.05099946710206e-001
 5.65733528351304e-001    5.97979523113031e-001
 5.57881787362382e-001    5.89078993616563e-001
 5.51634409333651e-001    5.78387019966666e-001
 5.42195312765740e-001    5.69492159597265e-001
 5.35964942118213e-001    5.57014410921006e-001
 5.28113201129290e-001    5.48113881424538e-001
 5.25074549020942e-001    5.33839019467782e-001
 5.25193600689366e-001    5.21338594283252e-001
 5.15720489359048e-001    5.16015283966575e-001
 5.11043459528102e-001    5.07103416215971e-001
 5.03191718539179e-001    4.98202886719503e-001
 4.93769629352472e-001    4.87522251323741e-001
 4.78083154755831e-001    4.67935417304443e-001
 4.68644058187920e-001    4.59040556935043e-001
 4.59187954238806e-001    4.51931471592004e-001
 4.46608161275327e-001    4.39476399424017e-001
 4.46693198181344e-001    4.30547524292209e-001
 4.38892479336032e-001    4.16289669716657e-001
 4.26295678991349e-001    4.05620372575031e-001
 4.23188997358187e-001    3.98488610723721e-001
 4.16992641473066e-001    3.82439311994739e-001
 4.09106885721737e-001    3.77110332550994e-001
 3.94871707654455e-001    3.71804029615520e-001
 3.85449618467748e-001    3.61123394219758e-001
 3.83981314557184e-001    3.48628638162296e-001
 3.77801966053267e-001    3.30793564406953e-001
 3.66758506525165e-001    3.23690148190982e-001
 3.62081476694219e-001    3.14778280440378e-001
 3.52659387507512e-001    3.04097645044616e-001
 3.43135254033584e-001    3.04131659807023e-001
 3.36870868623649e-001    2.95225461183487e-001
 3.36955905529667e-001    2.86296586051680e-001
 3.32227853555110e-001    2.82742043380160e-001
 3.24359105184984e-001    2.75627288910054e-001
 3.22924816036827e-001    2.59560982799869e-001
 3.15056067666701e-001    2.52446228329762e-001
 3.04046622901006e-001    2.41771262061068e-001
 2.96245904055694e-001    2.27513407485515e-001
 2.88411170447974e-001    2.16827102962686e-001
 2.77367710919873e-001    2.09723686746715e-001
 2.69515969930950e-001    2.00823157250247e-001
 2.55314806626076e-001    1.91945304262050e-001
 2.49101443359751e-001    1.77681780559429e-001
 2.44441420910008e-001    1.66984137782464e-001
 2.36589679921086e-001    1.58083608285996e-001
 2.30308287129948e-001    1.50963184688822e-001
 2.22473553522229e-001    1.40276880165992e-001
 2.21005249611665e-001    1.27782124108530e-001
 2.09978797464766e-001    1.18892932866197e-001
 1.95811648922299e-001    1.06443529825278e-001
 1.84768189394197e-001    9.93401136093064e-002
 1.72188396430718e-001    8.68850414413189e-002
 1.62715285100400e-001    8.15617311246414e-002
 1.51586788666281e-001    8.33871900404776e-002
 1.37300588455390e-001    8.34382121840879e-002
 1.24686780729503e-001    7.45546900688232e-002
 1.27946528793496e-001    6.56144766828804e-002
 1.37521684411034e-001    6.02231368413892e-002
 1.51773869859519e-001    6.37436647505017e-002
 1.62851344150028e-001    6.72755309137499e-002
 1.70686077757747e-001    7.79618354365795e-002
 1.69047700035149e-001    8.33248296427316e-002
 1.61144936902616e-001    7.97816252253478e-002
 1.61178951665023e-001    7.62100751726249e-002
 1.59625610848442e-001    7.26441942469699e-002
 1.56467907071669e-001    7.08697574747440e-002
 1.54880551492681e-001    7.08754266018119e-002
 1.48531129176729e-001    7.08981031100831e-002
 1.57970225744640e-001    7.97929634794834e-002
 1.43718040296155e-001    7.62724355703709e-002
 1.35815277163622e-001    7.27292311529871e-002
 1.42164699479574e-001    7.27065546447158e-002
 1.51739855097112e-001    6.73152148032246e-002
 1.29499869610077e-001    6.91803576085354e-002
 1.40526321756976e-001    7.80695488508679e-002
 1.37351610599000e-001    7.80808871050036e-002
 1.53191151626473e-001    8.15957458870483e-002
 1.50084469993310e-001    7.44639840357382e-002
 1.46858736691724e-001    7.98326473689581e-002
 1.29431840085264e-001    7.63234577139812e-002
 1.27912514031090e-001    6.91860267356033e-002
 1.34312958490652e-001    6.38060251482477e-002
 1.42266743766795e-001    6.19919044865472e-002
 1.40713402950214e-001    5.84260235608921e-002
 1.35900314069640e-001    6.38003560211799e-002
 1.27878499268683e-001    7.27575767883261e-002
 1.10451602662222e-001    6.92483871333492e-002
 9.77527580303185e-002    6.92937401498917e-002
 9.14033357143667e-002    6.93164166581630e-002
 8.34155356758166e-002    7.47020873725864e-002
 6.59716316881527e-002    7.29786727439709e-002
 4.53019943989025e-002    7.66239214485754e-002
 4.06079571867524e-002    6.94978287243330e-002
 3.75522976972006e-002    5.70087417939386e-002
 2.80621789856798e-002    5.34712065036226e-002
 2.02444527591641e-002    4.09991269544316e-002
 9.26902275587605e-003    2.67526106330147e-002
 9.32004489948638e-003    2.13952855539304e-002
 1.56524598342347e-002    2.31583840720206e-002
 1.56184450718278e-002    2.67299341247435e-002
 2.98366157579056e-002    3.38220120865789e-002
 3.76543419844212e-002    4.62940916357699e-002
 3.13049196684694e-002    4.63167681440412e-002
 2.97515788518884e-002    4.27508872183861e-002
 2.66278898375228e-002    3.74049003934374e-002
 2.03294896651814e-002    3.20702518226244e-002
 1.87591414673969e-002    3.02901459233307e-002
 1.56014376906244e-002    2.85157091511049e-002
 2.81642232729004e-002    4.27565563454539e-002
 4.54380534485300e-002    6.23377212376838e-002
 5.32897944374525e-002    7.12382507341520e-002
 4.84937129380818e-002    7.48268081680783e-002
 4.05909498055489e-002    7.12836037506945e-002
 4.69743868839076e-002    6.76893771897003e-002
 6.28479426737871e-002    6.76326859190222e-002
 7.23720761477148e-002    6.75986711566153e-002
 8.35005725818339e-002    6.57732122407792e-002
 8.98329875165822e-002    6.75363107588693e-002
 9.45780468723426e-002    6.93050784040273e-002
 9.13863283331633e-002    7.11021916845244e-002
 8.81435876503736e-002    7.82566300441058e-002
 8.02068097554339e-002    7.82849756794449e-002
 6.59036021633389e-002    8.01217728494166e-002
 5.64134834518181e-002    7.65842375591007e-002
 5.00470537546629e-002    7.83926890937333e-002
 6.11415354263751e-002    8.01387802306201e-002
 6.91633502273320e-002    7.11815594634738e-002
 7.86704763200562e-002    7.29333197274284e-002
 7.22870392416976e-002    7.65275462884225e-002
 6.10735059015613e-002    8.72818803360658e-002
 6.73208839302924e-002    9.79738539859632e-002
 6.24567729061079e-002    1.08705511525335e-001
 5.91630100797079e-002    1.21217274964001e-001
 5.93330838917423e-002    1.03359524700387e-001
 5.62604170209871e-002    9.26562127963536e-002
 5.31877501502319e-002    8.19529008923206e-002
 5.78307652187716e-002    9.44363186956472e-002
 6.24057507624976e-002    1.14062836604420e-001
 6.22016621880563e-002    1.35492136920757e-001
 6.83810106919737e-002    1.53327210676100e-001
 7.29730036169031e-002    1.71167953558511e-001
 8.70211004909464e-002    1.96117781783961e-001
 1.02707575087588e-001    2.15704615803259e-001
 1.12010612605871e-001    2.38885676383550e-001
 1.27697087202513e-001    2.58472510402848e-001
 1.41847228363777e-001    2.72707688470129e-001
 1.49596925065478e-001    2.92322868124766e-001
 1.60504325543953e-001    3.13712484551629e-001
 1.74620451942810e-001    3.31519212671633e-001
 1.83974511604703e-001    3.49342948172840e-001
 1.96418245518555e-001    3.76084220551719e-001
 2.15279431273173e-001    3.95659716316882e-001
 2.32621290973616e-001    4.08097781103666e-001
 2.46754424753676e-001    4.24118734197308e-001

Line #3
 2.70870891300158e-002    9.89188974681679e-001
 3.36065852580020e-002    9.71308547909793e-001
 3.85727405694071e-002    9.49862240212252e-001
 4.97352517659331e-002    9.44465231243693e-001
 5.78080887105004e-002    9.30150685397462e-001
 6.59149404174745e-002    9.12264589498509e-001
 6.91916958626711e-002    9.01538601086205e-001
 7.56771772282504e-002    8.87229724367042e-001
 8.68737031871832e-002    8.78261165345760e-001
 9.33421771715591e-002    8.65738063652959e-001
 1.04589725274102e-001    8.51412179552593e-001
 1.07934510244113e-001    8.33543091034842e-001
 1.14402984228488e-001    8.21019989342041e-001
