Generated by GetData Graph Digitizer 2.25.0.32 on July 05 2021, 13:56
from file 'E:\Python\MachineLearning\Crack\DiagonalTensiler.jpg'

Line #1
 0.00000000000000e+000    1.00000000000000e+000
 4.41518202943455e-003    9.86715724244772e-001
 1.31874515879163e-002    9.73479860573199e-001
 1.75639039504260e-002    9.69084043377227e-001
 2.52469016266460e-002    9.55836076684740e-001
 3.50793958171960e-002    9.49278659953524e-001
 4.27430286599535e-002    9.40474922540666e-001
 5.04260263361735e-002    9.27226955848180e-001
 6.02972501936483e-002    9.11781080557707e-001
 7.55664213787761e-002    9.07506293570875e-001
 8.54085979860573e-002    8.98726762199845e-001
 9.74293183578621e-002    8.89971436870643e-001
 1.11618900077459e-001    8.83462432223083e-001
 1.18231990704880e-001    8.65758133230054e-001
 1.24786986831913e-001    8.61386522075910e-001
 1.33549573973664e-001    8.50372773044152e-001
 1.41213206816421e-001    8.41569035631294e-001
 1.45609024012394e-001    8.32728989155693e-001
 1.55441518202943e-001    8.26171572424477e-001
 1.67471920991479e-001    8.15194132455461e-001
 1.77314097598761e-001    8.06414601084431e-001
 1.90424089852827e-001    7.97671378776142e-001
 1.96998450813323e-001    7.88855538342370e-001
 2.07920216886135e-001    7.82310224632068e-001
 2.15593532145624e-001    7.71284372579396e-001
 2.23257164988381e-001    7.62480635166538e-001
 2.34198295894655e-001    7.51491092176607e-001
 2.40801704105345e-001    7.36008907823393e-001
 2.51762199845081e-001    7.20575135553834e-001
 2.60495739736638e-001    7.16227730441518e-001
 2.73625096824167e-001    7.03040278853602e-001
 2.84575910147173e-001    6.89828621223857e-001
 2.95517041053447e-001    6.78839078233927e-001
 3.07547443841983e-001    6.67861638264911e-001
 3.18498257164988e-001    6.54649980635167e-001
 3.26190937257940e-001    6.39179899302866e-001
 3.37132068164214e-001    6.28190356312936e-001
 3.56797056545314e-001    6.15075522850503e-001
 3.70986638264911e-001    6.08566518202944e-001
 3.85224632068164e-001    5.90946940356313e-001
 4.02701394268009e-001    5.80030015491867e-001
 4.19137296669249e-001    5.57990414407436e-001
 4.37732378001549e-001    5.40419248644462e-001
 4.46494965143300e-001    5.29405499612703e-001
 4.59604957397366e-001    5.20662277304415e-001
 4.73823586367157e-001    5.07486928737413e-001
 4.92408985282727e-001    4.92137877614253e-001
 5.04458752904725e-001    4.76716208365608e-001
 5.13221340046476e-001    4.65702459333850e-001
 5.30727149496514e-001    4.48119190549961e-001
 5.53689000774593e-001    4.28374322230829e-001
 5.71204492641363e-001    4.08568938807126e-001
 5.87630712625871e-001    3.88751452362510e-001
 5.99661115414407e-001    3.77774012393493e-001
 6.14978698683191e-001    3.62388652207591e-001
 6.26999419054996e-001    3.53633326878389e-001
 6.40119093725794e-001    3.42667989930287e-001
 6.52139814097599e-001    3.33912664601084e-001
 6.66339078233927e-001    3.25181545313710e-001
 6.79458752904725e-001    3.14216208365608e-001
 6.88231022463207e-001    3.00980344694036e-001
 7.01360379550736e-001    2.87792893106119e-001
 7.11221920991480e-001    2.74569132455461e-001
 7.21044732765298e-001    2.70233830364059e-001
 7.39659178931061e-001    2.48218435321456e-001
 7.49481990704880e-001    2.43883133230054e-001
 7.68057707203718e-001    2.30756196746708e-001
 7.83384972889233e-001    2.13148721920991e-001
 8.00871417505809e-001    2.00009682416731e-001
 8.16198683191325e-001    1.82402207591015e-001
 8.30426994577847e-001    1.67004744384198e-001
 8.47942486444617e-001    1.47199360960496e-001
 8.67617157242448e-001    1.31862412858249e-001
 8.81826103795507e-001    1.20909178931061e-001
 8.97114639814098e-001    1.12190162664601e-001
 9.13540859798606e-001    9.23726762199845e-002
 9.27769171185128e-001    7.69752130131681e-002
 9.39770526723470e-001    7.26641169635941e-002
 9.62713013168087e-001    5.73634779240899e-002
 9.71485282726569e-001    4.41276142525174e-002
 9.80257552285050e-001    3.08917505809450e-002
 9.93377226955848e-001    1.99264136328428e-002
 9.97773044151820e-001    1.10863671572424e-002
 1.00000000000000e+000    0.00000000000000e+000
