Generated by GetData Graph Digitizer 2.25.0.32 on July 05 2021, 16:08
from file 'E:\Python\MachineLearning\Crack\Sliding.jpg'

Line #1
 1.48148148148148e-003   -3.22580645161290e-003
-2.96296296296296e-003   -3.22580645161290e-003
-1.18518518518519e-002   -9.67741935483871e-003
-1.48148148148148e-002   -1.29032258064516e-002
-1.92592592592593e-002   -1.93548387096774e-002
-2.22222222222222e-002   -2.58064516129032e-002
-2.96296296296296e-002   -3.22580645161290e-002
-3.40740740740741e-002   -3.87096774193548e-002
-4.00000000000000e-002   -4.51612903225806e-002
-4.74074074074074e-002   -4.83870967741935e-002
-5.48148148148148e-002   -5.16129032258065e-002
-5.92592592592593e-002   -5.80645161290323e-002
-6.51851851851852e-002   -6.45161290322581e-002
-6.96296296296296e-002   -7.09677419354839e-002
-7.25925925925926e-002   -8.06451612903226e-002
-7.55555555555556e-002   -9.03225806451613e-002
-7.25925925925926e-002   -9.67741935483871e-002
 9.58518518518519e-001   -9.67741935483871e-002
 9.62962962962963e-001   -7.41935483870968e-002
 9.70370370370370e-001   -5.16129032258065e-002
 9.73333333333333e-001   -3.87096774193548e-002
 9.82222222222222e-001   -2.58064516129032e-002
 9.88148148148148e-001   -1.29032258064516e-002
 1.00000000000000e+000    0.00000000000000e+000
 1.00000000000000e+000    9.67741935483871e-003
 1.00592592592593e+000    1.61290322580645e-002
 1.00444444444444e+000    2.58064516129032e-002
 1.00148148148148e+000    2.90322580645161e-002
 9.97037037037037e-001    2.25806451612903e-002
 9.91111111111111e-001    2.25806451612903e-002
 9.82222222222222e-001    2.25806451612903e-002
 9.73333333333333e-001    2.25806451612903e-002
 9.65925925925926e-001    1.93548387096774e-002
 9.57037037037037e-001    1.93548387096774e-002
 9.51111111111111e-001    1.93548387096774e-002
 9.37777777777778e-001    2.25806451612903e-002
 9.27407407407407e-001    1.29032258064516e-002
 9.11111111111111e-001    1.29032258064516e-002
 8.94814814814815e-001    1.93548387096774e-002
 8.75555555555556e-001    1.93548387096774e-002
 8.59259259259259e-001    1.61290322580645e-002
 8.45925925925926e-001    1.29032258064516e-002
 8.25185185185185e-001    9.67741935483871e-003
 8.04444444444444e-001    9.67741935483871e-003
 7.91111111111111e-001    6.45161290322581e-003
 7.80740740740741e-001    3.22580645161290e-003
 7.73333333333333e-001    0.00000000000000e+000
 7.61481481481482e-001    0.00000000000000e+000
 7.52592592592593e-001    0.00000000000000e+000
 7.37777777777778e-001    6.45161290322581e-003
 7.25925925925926e-001    1.61290322580645e-002
 7.14074074074074e-001    1.93548387096774e-002
 7.06666666666667e-001    1.61290322580645e-002
 6.94814814814815e-001    1.29032258064516e-002
 6.78518518518519e-001    9.67741935483871e-003
 6.68148148148148e-001    1.61290322580645e-002
 6.56296296296296e-001    1.61290322580645e-002
 6.42962962962963e-001    9.67741935483871e-003
 6.26666666666667e-001    6.45161290322581e-003
 6.08888888888889e-001   -3.22580645161290e-003
 6.02962962962963e-001   -3.22580645161290e-003
 5.91111111111111e-001    0.00000000000000e+000
 5.74814814814815e-001    6.45161290322581e-003
 5.62962962962963e-001    1.29032258064516e-002
 5.39259259259259e-001    1.93548387096774e-002
 5.27407407407407e-001    1.61290322580645e-002
 5.20000000000000e-001    1.61290322580645e-002
 5.08148148148148e-001    1.93548387096774e-002
 4.97777777777778e-001    1.93548387096774e-002
 4.80000000000000e-001    9.67741935483871e-003
 4.66666666666667e-001    3.22580645161290e-003
 4.56296296296296e-001    0.00000000000000e+000
 4.42962962962963e-001    6.45161290322581e-003
 4.34074074074074e-001    3.22580645161290e-003
 4.26666666666667e-001    0.00000000000000e+000
 4.17777777777778e-001    0.00000000000000e+000
 4.05925925925926e-001    3.22580645161290e-003
 3.95555555555556e-001    9.67741935483871e-003
 3.83703703703704e-001    1.93548387096774e-002
 3.71851851851852e-001    1.61290322580645e-002
 3.60000000000000e-001    1.61290322580645e-002
 3.48148148148148e-001    1.29032258064516e-002
 3.34814814814815e-001    1.29032258064516e-002
 3.15555555555556e-001    9.67741935483871e-003
 3.00740740740741e-001    9.67741935483871e-003
 2.84444444444444e-001    9.67741935483871e-003
 2.74074074074074e-001    3.22580645161290e-003
 2.54814814814815e-001   -3.22580645161290e-003
 2.42962962962963e-001   -3.22580645161290e-003
 2.26666666666667e-001    0.00000000000000e+000
 2.19259259259259e-001    3.22580645161290e-003
 2.04444444444444e-001    3.22580645161290e-003
 1.88148148148148e-001    0.00000000000000e+000
 1.52592592592593e-001    0.00000000000000e+000
 1.40740740740741e-001   -3.22580645161290e-003
 1.30370370370370e-001    0.00000000000000e+000
 1.06666666666667e-001   -3.22580645161290e-003
 9.62962962962963e-002   -3.22580645161290e-003
 8.88888888888889e-002    0.00000000000000e+000
 7.11111111111111e-002    3.22580645161290e-003
 4.74074074074074e-002    0.00000000000000e+000
 3.40740740740741e-002    0.00000000000000e+000
 1.18518518518519e-002    6.45161290322581e-003
 0.00000000000000e+000    9.67741935483871e-003
 0.00000000000000e+000    0.00000000000000e+000
 8.88888888888889e-003   -1.93548387096774e-002
 1.62962962962963e-002   -1.93548387096774e-002
 5.48148148148148e-002   -1.29032258064516e-002
 9.71851851851852e-001   -1.93548387096774e-002
 9.65925925925926e-001   -3.54838709677419e-002
-1.62962962962963e-002   -3.22580645161290e-002
-2.81481481481481e-002   -4.51612903225806e-002
 9.62962962962963e-001   -4.19354838709677e-002
 9.55555555555556e-001   -5.16129032258065e-002
-4.29629629629630e-002   -6.12903225806452e-002
 9.51111111111111e-001   -6.12903225806452e-002
 9.51111111111111e-001   -7.74193548387097e-002
-5.48148148148148e-002   -7.41935483870968e-002
-6.66666666666667e-002   -8.06451612903226e-002
 9.51111111111111e-001   -9.03225806451613e-002
-6.51851851851852e-002   -9.67741935483871e-002
-6.07407407407407e-002   -8.38709677419355e-002
-5.18518518518519e-002   -9.03225806451613e-002
-4.29629629629630e-002   -9.03225806451613e-002
 9.82222222222222e-001   -9.67741935483871e-003
-4.44444444444444e-003   -1.93548387096774e-002
 9.42222222222222e-001   -6.77419354838710e-002
 4.07407407407407e-001   -9.67741935483871e-003
 5.00740740740741e-001    1.29032258064516e-002
 5.37777777777778e-001    6.45161290322581e-003
 5.52592592592593e-001    0.00000000000000e+000
 5.54074074074074e-001   -6.45161290322581e-003
 5.24444444444444e-001   -6.45161290322581e-003
 5.00740740740741e-001    3.22580645161290e-003
 4.96296296296296e-001   -9.67741935483871e-003
 3.73333333333333e-001    3.22580645161290e-003
 3.70370370370370e-001   -1.29032258064516e-002
 3.58518518518519e-001    3.22580645161290e-003
 3.27407407407407e-001    3.22580645161290e-003
 3.51111111111111e-001   -9.67741935483871e-003
 3.06666666666667e-001    6.45161290322581e-003
 2.91851851851852e-001    6.45161290322581e-003
 2.99259259259259e-001    0.00000000000000e+000
 3.22962962962963e-001   -9.67741935483871e-003
 2.84444444444444e-001   -3.22580645161290e-003
 2.17777777777778e-001   -3.22580645161290e-003
 2.16296296296296e-001   -1.29032258064516e-002
 2.07407407407407e-001   -9.67741935483871e-003
 1.67407407407407e-001   -6.45161290322581e-003
 2.07407407407407e-002   -1.29032258064516e-002
 1.18518518518519e-002    0.00000000000000e+000
 2.81481481481481e-002   -6.45161290322581e-003
 7.40740740740741e-003   -1.29032258064516e-002
 3.95555555555556e-001   -2.25806451612903e-002
 2.88888888888889e-001   -2.90322580645161e-002
-1.48148148148148e-003   -3.54838709677419e-002
 4.59259259259259e-001   -1.93548387096774e-002
 4.77037037037037e-001   -2.90322580645161e-002
 4.26666666666667e-001   -2.58064516129032e-002
 5.43703703703704e-001   -2.90322580645161e-002
 6.63703703703704e-001   -2.58064516129032e-002
 6.59259259259259e-001    6.45161290322581e-003
 6.68148148148148e-001    6.45161290322581e-003
 6.45925925925926e-001    3.22580645161290e-003
 6.29629629629630e-001   -3.22580645161290e-003
 6.87407407407407e-001    3.22580645161290e-003
 6.75555555555556e-001   -9.67741935483871e-003
 7.09629629629630e-001    3.22580645161290e-003
 7.22962962962963e-001    3.22580645161290e-003
 7.25925925925926e-001   -6.45161290322581e-003
 7.12592592592593e-001   -6.45161290322581e-003
 7.18518518518519e-001    1.29032258064516e-002
 6.97777777777778e-001    9.67741935483871e-003
 6.99259259259259e-001   -3.22580645161290e-003
 7.31851851851852e-001    9.67741935483871e-003
 7.40740740740741e-001    0.00000000000000e+000
 7.46666666666667e-001   -1.29032258064516e-002
 7.33333333333333e-001   -6.45161290322581e-003
 7.68888888888889e-001   -9.67741935483871e-003
 8.00000000000000e-001    0.00000000000000e+000
 8.29629629629630e-001    6.45161290322581e-003
 8.13333333333333e-001   -6.45161290322581e-003
 8.47407407407407e-001   -3.22580645161290e-003
 8.63703703703704e-001    9.67741935483871e-003
 8.47407407407407e-001    3.22580645161290e-003
 8.80000000000000e-001    6.45161290322581e-003
 8.91851851851852e-001    9.67741935483871e-003
 9.15555555555556e-001    3.22580645161290e-003
 9.36296296296296e-001    3.22580645161290e-003
 9.45185185185185e-001    1.93548387096774e-002
 9.61481481481481e-001    9.67741935483871e-003
 9.80740740740741e-001    6.45161290322581e-003
 9.95555555555556e-001    1.29032258064516e-002
 9.86666666666667e-001    1.29032258064516e-002
 9.91111111111111e-001    0.00000000000000e+000
 9.76296296296296e-001    1.29032258064516e-002
 9.48148148148148e-001    0.00000000000000e+000
 9.46666666666667e-001    6.45161290322581e-003
 8.35555555555556e-001   -2.90322580645161e-002
 8.14814814814815e-001   -7.41935483870968e-002
 5.73333333333333e-001   -6.77419354838710e-002
 4.57777777777778e-001   -7.09677419354839e-002
 3.28888888888889e-001   -7.09677419354839e-002
 2.65185185185185e-001   -6.45161290322581e-002
 8.91851851851852e-001   -8.06451612903226e-002
